710
249
411
163
351
656
255
403
515
49
901
42
126
895
332
403
131
401
177
640
202
520
684
865
372
610
767
422
215
171
38
126
146
259
338
924
184
28
233
14
340
491
790
96
235
524
276
615
942
558
290
139
942
758
225
192
144
388
500
28
28
330
558
126
204
959
675
163
748
924
325
635
703
940
539
758
412
585
224
971
615
135
415
415
235
683
267
114
91
971
567
258
410
12
566
328
14
387
262
135
578
201
979
843
110
50
415
328
229
387
151
20
387
928
662
480
607
633
320
175
585
664
526
581
183
391
680
102
102
235
644
569
895
720
24
217
480
240
22
664
101
7
500
487
253
758
496
176
439
523
244
282
228
5
115
271
550
352
41
76
387
325
142
459
288
188
317
169
142
112
39
4
6
104
855
241
453
180
605
640
380
263
22
540
497
707
625
722
290
87
815
377
271
197
268
853
414
35
349
195
507
507
391
866
257
273
559
849
718
407
305
185
234
508
499
317
371
72
169
781
492
909
185
481
245
816
331
15
622
876
371
684
107
826
70
416
378
216
10
811
693
924
213
413
812
688
39
581
169
176
177
135
106
175
162
184
657
117
511
255
276
201
265
392
785
579
613
484
101
578
39
86
101
272
792
392
331
600
149
795
458
671
27
34
701
855
102
904
895
229
244
772
913
709
491
491
204
229
272
115
262
412
813
48
523
680
97
139
7
248
224
948
15
724
561
340
484
38
181
956
104
305
259
861
270
88
461
834
291
533
98
32
233
422
600
778
778
722
996
283
35
883
74
321
439
204
99
21
725
790
123
243
73
140
42
861
643
39
174
857
573
143
139
576
573
616
69
701
948
428
388
818
265
549
334
39
809
688
305
64
87
589
45
264
387
893
144
893
184
876
76
363
253
319
83
736
139
784
67
527
615
144
319
580
701
40
319
578
500
148
893
76
768
28
852
8
387
313
88
174
625
517
3
216
566
388
139
363
144
319
484
275
103
921
724
302
219
650
216
63
14
558
825
736
220
593
490
217
676
639
408
572
632
144
363
40
40
224
229
424
717
585
194
142
14
701
378
330
194
175
500
144
961
825
76
159
785
693
704
176
126
257
19
188
276
482
844
311
404
115
101
201
828
210
742
21
701
942
843
484
736
351
169
104
140
721
108
704
24
959
693
746
711
487
218
820
215
115
589
589
479
846
669
494
77
728
579
875
29
784
520
44
378
549
245
98
458
664
21
34
41
60
129
910
701
758
388
397
415
101
272
856
76
144
218
56
639
606
919
684
126
19
78
758
487
27
149
267
102
692
633
254
879
316
633
143
451
561
330
247
407
783
407
691
61
276
630
173
455
9
143
904
421
271
39
860
21
895
17
112
240
543
816
545
219
670
816
103
769
711
328
395
843
13
767
241
384
109
855
87
631
930
413
278
480
126
648
961
383
103
844
265
965
410
264
215
145
387
758
368
262
778
138
648
164
746
676
275
989
182
39
35
328
267
233
106
212
124
505
594
451
115
16
917
390
98
501
846
382
589
637
110
390
522
545
823
428
924
21
130
317
777
397
276
198
316
396
85
316
189
285
123
158
65
761
195
613
274
257
402
295
421
87
159
662
184
664
656
561
740
742
815
56
810
440
408
356
481
232
57
148
25
190
482
787
34
526
435
422
540
500
972
268
349
957
893
319
319
319
319
76
893
515
540
441
458
49
832
238
704
966
811
78
959
343
768
381
505
114
407
972
395
20
891
127
157
142
249
269
248
220
86
521
351
479
255
55
257
267
979
332
312
143
203
181
575
820
360
262
90
661
517
200
347
92
249
34
62
387
140
387
382
225
139
487
140
195
363
520
229
849
488
112
402
413
784
123
257
401
589
478
330
711
263
758
21
735
822
661
566
387
615
686
135
608
615
6
215
41
499
566
843
123
78
325
792
962
767
549
312
626
733
218
117
247
225
312
135
304
351
664
420
768
410
924
225
39
411
127
137
1
203
285
80
123
328
693
135
96
576
489
329
601
22
249
820
685
304
736
211
41
215
43
825
837
169
21
199
637
482
266
822
396
344
397
39
218
77
151
177
979
248
63
543
328
115
10
59
415
640
235
722
246
223
458
121
380
559
212
488
589
117
328
140
218
328
351
249
39
26
488
86
578
500
500
319
566
175
725
491
484
102
192
325
351
171
294
246
234
96
371
499
522
192
979
633
77
940
601
127
343
856
873
194
162
162
162
650
246
72
6
126
104
338
644
297
811
505
185
68
670
511
398
292
527
48
264
99
137
213
538
245
300
53
786
339
592
77
826
126
700
577
773
213
132
126
507
392
199
924
600
23
595
360
360
298
487
145
394
91
402
38
870
207
742
348
66
681
854
416
743
15
674
1
102
85
285
379
223
794
435
611
150
969
717
822
817
768
816
336
378
448
322
304
106
772
753
139
34
484
375
336
87
118
234
985
640
379
753
327
803
345
134
250
959
859
494
814
511
530
119
119
708
297
146
643
849
532
785
242
676
605
574
36
528
752
557
974
824
914
751
684
523
828
119
468
780
123
899
960
395
439
489
131
80
756
870
984
255
670
431
920
57
859
157
45
165
819
357
550
818
53
525
8
241
185
395
466
4
408
149
296
506
527
722
987
503
420
549
567
163
507
466
841
712
203
72
152
981
275
607
17
953
265
290
904
859
107
227
858
274
11
611
676
955
573
154
153
713
799
198
656
410
271
820
267
924
488
1
844
388
351
82
416
39
311
316
49
234
901
613
435
288
160
899
685
217
765
694
172
223
459
157
891
683
676
304
513
688
932
330
508
43
573
61
215
645
120
196
102
785
516
373
607
146
948
387
581
86
351
67
549
16
205
99
308
472
523
55
540
237
157
920
111
430
523
844
466
188
920
107
331
79
146
123
359
499
160
556
644
123
701
724
127
41
272
224
264
924
363
128
19
645
130
693
162
701
731
263
1
248
248
194
388
942
363
989
613
269
928
447
422
861
325
75
192
394
135
849
80
50
415
825
215
164
573
144
325
351
843
319
196
224
820
415
566
86
140
576
135
101
319
105
406
62
693
499
99
940
14
210
38
33
86
139
253
558
1
856
96
312
585
128
43
201
317
51
794
861
532
22
133
701
185
115
87
810
356
955
952
784
335
393
676
105
785
857
785
338
109
64
555
721
397
59
124
104
924
220
312
858
249
177
343
210
416
600
351
350
508
837
701
942
645
215
384
785
633
133
576
126
210
441
762
826
325
93
306
408
416
768
96
124
387
701
105
344
785
227
837
909
307
688
29
633
984
188
790
758
212
979
190
613
683
143
114
861
921
431
283
608
20
365
856
517
26
576
856
500
578
115
37
515
183
63
492
161
419
478
437
478
797
266
623
164
685
210
305
856
262
105
123
662
245
275
372
695
402
508
703
828
554
288
101
406
363
388
319
250
728
96
543
218
31
244
247
48
364
512
32
620
219
365
840
284
748
31
516
393
919
921
217
343
952
457
213
378
826
368
819
72
264
516
711
453
152
308
299
308
832
259
79
725
811
959
959
590
603
234
435
959
4
974
568
21
315
373
24
37
461
50
365
373
861
891
177
882
889
888
569
206
611
82
616
550
131
329
543
162
785
637
788
866
169
97
558
669
129
184
701
272
837
263
321
103
43
37
275
133
288
721
515
127
117
818
169
576
101
43
101
90
484
86
244
171
820
123
148
693
982
942
615
669
406
135
979
86
940
616
229
729
992
982
740
640
684
413
37
432
527
971
249
396
329
241
419
645
199
670
861
140
549
331
204
568
307
481
59
786
102
235
78
985
680
671
278
569
938
257
519
50
329
942
106
462
856
127
142
75
100
788
397
538
589
265
233
717
161
161
470
873
312
199
989
589
269
822
765
79
932
590
867
91
188
662
201
736
103
410
323
249
32
57
62
365
85
880
203
199
100
329
99
13
849
351
266
426
465
792
492
437
129
786
843
105
403
765
603
375
94
228
536
909
553
670
786
25
947
650
478
72
63
63
870
267
368
145
513
691
879
999
481
322
482
413
886
846
29
652
172
384
686
888
212
364
453
513
91
77
185
269
823
941
334
65
870
571
88
134
626
938
932
445
542
372
657
437
115
413
312
714
466
397
740
808
12
522
774
819
974
302
131
778
512
402
93
628
265
492
849
299
827
513
759
785
516
771
345
33
161
466
213
257
585
398
525
143
73
184
49
43
819
910
196
387
942
942
129
78
620
412
177
620
16
645
266
43
26
266
910
891
924
478
648
758
876
447
67
331
625
734
958
923
245
584
39
680
145
576
901
96
265
487
307
940
94
247
156
285
617
685
4
773
642
828
127
590
494
662
372
601
861
828
312
731
876
692
600
105
238
957
581
55
859
895
488
992
74
989
85
644
364
519
192
8
207
528
99
224
338
233
379
690
891
182
622
586
972
305
336
310
336
193
768
197
637
41
76
406
101
66
192
466
246
112
275
380
276
94
393
192
161
825
725
573
85
307
357
277
381
505
182
235
725
152
206
78
703
402
486
640
826
701
365
339
17
520
340
206
184
693
26
123
576
860
521
446
394
974
291
301
141
7
235
928
980
615
86
49
643
229
10
176
250
87
454
49
26
345
255
784
382
352
371
820
152
859
858
617
123
933
373
197
496
522
334
973
412
820
41
717
323
256
303
113
427
58
253
253
685
887
269
419
487
772
471
729
745
616
350
25
412
837
525
330
852
972
448
208
113
680
99
101
232
130
676
515
257
868
562
254
208
96
615
502
570
952
554
270
194
10
615
661
377
38
241
53
349
234
48
478
386
701
15
169
37
75
94
311
545
83
488
645
508
693
607
229
267
917
69
459
201
211
427
804
974
336
284
338
582
666
53
115
648
220
214
582
120
355
453
879
454
258
94
519
278
568
822
582
208
524
665
279
593
142
804
75
127
639
299
157
555
206
636
256
58
594
667
839
699
146
25
33
930
269
331
368
67
676
177
519
454
481
131
524
321
294
984
476
915
626
106
651
575
643
996
352
626
170
640
619
978
146
268
130
974
163
508
266
36
554
537
278
735
424
384
64
527
204
948
378
104
198
43
661
317
178
410
622
185
267
805
794
254
640
989
349
874
375
93
44
648
754
838
243
940
465
615
94
336
375
326
142
725
248
336
244
334
828
312
663
522
67
130
331
114
110
424
849
213
323
496
308
508
785
348
225
870
785
64
447
849
492
490
720
431
134
457
94
397
328
820
608
105
558
62
819
152
517
287
891
974
644
523
154
684
607
447
840
119
989
416
174
424
798
14
3
825
392
382
415
387
74
974
79
46
312
685
32
224
989
285
249
13
189
243
765
259
314
49
755
871
424
58
245
86
447
41
196
499
932
811
46
996
443
782
402
535
111
595
573
466
870
992
64
919
3
175
22
955
37
891
206
72
104
143
96
257
96
126
272
328
104
724
701
2
364
255
611
802
208
481
770
139
262
20
277
216
211
93
364
288
711
984
322
15
105
246
273
30
148
804
846
600
497
127
826
940
492
327
25
300
8
218
410
9
235
461
17
39
60
368
852
265
398
3
675
590
791
322
475
690
380
462
432
395
192
663
117
522
24
12
212
194
891
930
909
707
540
326
247
382
496
127
368
12
655
345
111
228
455
383
132
429
188
347
242
306
322
301
663
537
311
550
853
183
517
819
49
836
888
889
205
692
701
204
388
48
157
204
32
591
49
334
28
856
101
144
40
397
585
130
116
459
199
59
27
704
940
1
693
51
811
837
559
206
718
900
788
303
115
637
736
788
253
319
319
319
319
319
319
415
566
139
363
363
942
940
204
235
207
578
397
701
690
8
481
383
149
845
274
875
388
517
106
579
576
579
701
532
784
837
181
837
117
7
578
190
162
948
248
253
363
253
500
500
40
253
856
128
487
701
876
415
982
173
640
731
96
758
86
491
856
14
50
758
413
69
533
350
351
190
328
118
52
839
282
959
295
330
403
257
92
403
319
319
319
101
319
319
20
490
608
237
50
500
28
578
500
484
39
466
163
151
80
101
101
500
578
904
384
130
774
363
578
893
76
204
693
491
645
23
528
282
294
86
948
248
139
272
578
272
578
323
491
211
873
358
5
281
813
254
277
767
188
260
37
828
57
47
181
36
329
412
910
125
965
267
591
522
596
78
164
487
825
740
61
58
664
312
661
701
589
669
199
273
377
69
979
810
876
645
226
295
811
152
46
382
410
764
576
334
491
97
511
422
595
916
275
853
87
384
561
453
573
849
642
667
431
637
666
249
513
847
466
285
87
382
382
893
124
615
412
139
218
195
503
711
769
994
337
792
664
818
105
676
615
930
14
526
130
664
724
633
809
164
175
166
733
414
180
730
341
725
402
375
257
248
3
363
86
873
46
842
278
108
91
631
844
538
262
856
124
413
811
348
800
674
99
185
909
417
885
574
387
784
857
567
285
685
490
482
765
196
779
25
965
58
643
637
412
135
387
873
388
582
881
910
660
221
343
315
431
35
811
484
785
837
96
633
785
459
575
825
910
194
558
335
141
306
851
937
690
510
270
300
464
487
41
657
123
48
122
244
522
331
731
426
244
290
382
748
944
257
631
850
818
512
623
256
424
204
490
42
828
264
184
249
220
415
982
101
736
825
558
137
931
197
684
256
306
520
299
216
446
70
661
327
466
264
41
161
647
554
551
717
891
125
815
669
942
234
102
982
242
828
222
214
781
838
343
148
39
171
703
352
74
274
189
351
380
95
95
788
492
717
680
339
47
860
73
969
405
342
629
742
134
461
206
473
45
990
811
597
785
376
838
137
302
637
717
940
14
538
768
792
145
527
329
561
537
876
545
87
467
976
25
784
166
476
830
172
860
55
505
326
15
45
449
29
327
264
274
65
70
579
902
907
595
280
225
154
695
664
304
875
95
437
633
312
664
140
109
33
864
958
906
641
517
828
512
945
188
917
283
493
643
549
118
563
333
811
676
229
249
985
559
729
742
956
569
400
746
348
593
200
559
271
56
549
123
446
670
92
242
189
676
210
171
948
301
448
620
853
905
846
438
596
398
487
669
130
576
304
825
267
746
919
117
335
858
307
347
358
848
353
116
379
294
274
742
794
336
34
34
225
413
33
891
252
606
855
37
892
305
334
633
104
490
215
166
727
637
680
313
479
58
70
122
334
581
250
809
818
48
660
204
742
777
600
22
484
106
41
328
175
117
959
104
229
893
75
726
779
910
516
21
106
99
538
21
491
215
246
585
837
650
725
363
645
88
11
309
662
984
202
526
36
59
714
959
183
285
79
494
901
581
197
427
6
350
216
328
139
484
229
549
27
146
343
25
561
169
244
328
351
784
105
701
129
499
229
171
484
102
375
470
340
140
982
525
9
79
526
59
404
326
383
966
848
819
985
672
254
940
849
140
127
785
566
328
758
942
685
518
958
115
10
266
335
100
481
828
480
44
60
135
135
785
175
96
12
277
676
189
739
53
680
230
448
249
368
4
237
640
56
765
9
291
499
942
686
267
21
589
148
320
608
208
282
731
382
128
233
76
142
124
825
948
893
579
825
99
161
132
278
846
250
364
19
151
811
613
13
20
578
784
397
199
695
218
412
140
437
453
10
377
701
648
690
613
1
600
224
676
941
888
230
114
941
311
25
357
243
17
446
728
212
219
449
468
301
626
486
308
313
991
383
634
497
926
317
826
70
59
270
174
65
179
961
661
38
669
461
19
126
288
207
6
21
282
21
492
838
125
579
31
119
873
161
438
594
393
459
264
15
93
395
142
585
142
413
189
161
302
500
192
211
545
995
159
173
206
883
349
147
107
120
30
218
303
192
736
321
196
406
478
453
174
256
183
613
219
291
15
33
316
815
233
615
142
126
942
99
377
460
138
182
952
427
642
971
192
979
43
398
108
263
138
265
773
152
6
397
50
216
272
144
220
873
304
600
576
940
728
758
920
158
992
607
173
227
180
8
104
728
616
59
556
87
430
401
22
832
590
259
160
490
704
237
714
212
220
300
875
690
78
622
336
413
517
66
12
224
844
589
767
607
72
683
161
209
308
228
137
324
98
899
320
218
704
481
48
820
43
167
224
587
255
359
375
901
349
820
701
811
437
765
60
406
368
428
891
520
481
365
214
891
811
255
244
568
105
989
758
714
246
34
196
558
360
623
275
889
272
104
650
765
558
920
701
855
269
249
351
105
151
257
235
139
884
87
172
381
143
532
421
3
162
229
825
96
645
352
558
288
83
940
355
62
388
199
866
138
989
126
72
746
172
690
364
662
171
253
144
40
253
100
517
661
97
735
213
80
992
85
143
116
499
685
160
581
436
594
26
680
123
235
693
711
190
522
16
422
265
613
142
895
232
364
899
508
522
235
662
169
263
511
105
340
725
516
20
143
853
384
281
930
603
608
33
169
861
932
176
479
34
533
784
75
215
856
146
249
476
721
308
26
505
86
115
466
942
453
920
522
207
351
554
982
54
992
127
140
34
684
225
879
426
106
654
411
825
415
229
924
622
875
382
714
395
600
189
364
582
989
24
920
375
491
188
284
204
56
146
122
959
162
645
226
350
220
106
84
555
574
206
753
322
696
127
481
127
364
390
786
740
783
696
414
631
209
244
676
356
79
489
402
214
37
875
97
731
63
119
245
129
428
976
85
593
247
351
24
615
3
220
64
112
740
213
347
482
717
124
664
788
69
525
932
332
481
644
928
726
289
288
301
848
486
315
579
197
995
736
139
175
406
385
301
956
293
148
409
955
573
695
277
212
407
31
665
612
132
301
879
964
23
650
248
144
873
543
545
69
132
199
936
777
173
595
908
423
862
63
965
543
120
303
16
419
544
76
192
663
878
303
256
900
591
368
835
462
908
668
478
703
378
925
946
201
410
355
663
428
820
472
469
370
691
167
361
636
219
544
896
465
258
464
878
283
51
265
60
267
924
41
934
108
876
487
216
300
288
5
982
662
568
123
27
400
209
475
108
349
901
126
394
778
466
952
373
649
726
176
650
446
528
846
974
136
359
262
143
432
263
352
534
113
239
360
186
164
158
265
273
203
380
186
846
729
82
904
543
249
969
177
459
593
798
898
390
214
622
114
322
119
208
909
594
445
773
113
875
512
253
253
144
406
500
893
253
955
564
27
528
177
273
904
269
617
118
159
413
225
866
680
525
300
203
879
466
985
231
564
753
309
666
866
384
163
678
679
187
49
121
938
190
382
3
363
319
893
40
578
319
363
970
693
275
100
680
685
266
161
215
196
350
37
19
500
859
130
127
648
212
213
330
940
40
319
319
139
40
336
208
23
387
796
383
638
399
253
406
415
86
893
101
363
693
60
690
578
701
39
96
484
328
345
78
171
578
607
940
650
581
566
34
259
605
27
832
259
796
427
285
206
811
234
372
285
631
833
343
536
482
858
463
989
324
526
743
394
270
625
839
523
312
901
378
38
111
228
714
625
439
243
223
298
611
88
332
49
430
611
186
838
91
662
626
860
150
359
88
656
112
265
249
826
394
608
88
470
88
482
436
15
88
645
251
381
285
426
71
157
150
190
4
285
26
683
899
363
203
363
215
652
425
560
269
401
74
397
499
154
367
809
820
80
152
499
106
901
526
88
609
849
988
79
186
451
473
394
757
160
818
274
118
258
33
331
482
49
43
29
143
942
683
129
810
255
669
422
424
902
748
487
161
291
188
364
499
338
128
24
919
2
838
961
647
67
525
29
19
92
270
247
15
98
17
321
904
567
352
39
77
486
458
876
214
271
477
427
362
79
834
876
68
458
711
455
382
41
349
879
866
118
976
459
15
849
924
203
73
156
185
189
321
288
626
355
181
386
424
778
348
891
78
266
214
136
317
34
227
249
117
206
223
848
195
704
407
112
315
283
396
253
253
253
253
181
445
400
431
211
210
233
667
173
319
319
319
319
198
809
92
680
786
11
351
2
363
533
650
86
488
277
95
350
253
40
40
253
724
970
499
351
105
1
680
519
293
71
982
103
143
204
322
397
170
90
13
21
620
147
540
117
86
650
731
948
566
576
36
230
711
955
326
919
550
330
290
924
390
876
346
648
352
71
193
392
844
728
810
113
281
671
88
726
49
494
55
223
520
400
502
257
992
511
470
68
203
149
200
648
302
355
633
69
449
410
428
603
97
785
931
811
616
663
9
631
934
801
77
549
465
228
322
941
449
413
322
549
979
874
403
158
356
511
733
343
687
37
694
121
65
99
595
343
804
8
235
825
96
989
140
453
455
527
31
623
690
27
182
182
48
211
804
502
959
254
670
435
98
166
166
187
701
358
522
21
608
593
488
796
585
108
143
919
403
575
974
525
811
230
670
955
873
378
685
96
163
288
109
203
109
74
217
93
93
623
519
448
567
59
642
174
29
465
185
270
203
819
930
25
765
192
517
965
307
666
676
569
402
418
69
257
416
904
276
569
21
205
523
576
701
194
811
617
413
540
235
385
482
613
828
55
29
802
569
613
489
480
704
208
615
159
758
78
285
176
758
819
96
910
626
154
189
808
989
243
722
217
627
891
358
206
299
42
882
127
456
180
343
732
564
904
294
966
271
965
647
31
409
133
200
555
739
567
696
796
630
150
71
309
394
263
112
48
499
985
820
23
102
714
246
844
244
844
685
26
272
439
124
171
523
722
146
642
116
457
972
698
487
107
259
615
849
77
78
26
77
620
178
835
308
471
338
704
512
163
160
9
526
832
203
722
311
313
753
503
533
661
124
573
160
351
328
982
942
330
218
6
6
228
171
613
837
235
328
215
328
669
664
288
96
329
869
567
970
278
519
82
275
662
688
298
317
951
481
170
578
76
162
248
304
10
900
706
212
36
466
420
75
12
304
589
135
387
162
387
299
21
235
340
26
881
102
114
327
348
659
676
234
974
677
457
16
16
591
633
271
142
725
378
80
664
834
818
395
354
489
197
288
827
302
303
984
213
27
519
53
804
268
694
406
992
516
974
156
29
294
870
445
274
668
338
643
337
459
49
49
360
281
848
150
457
282
753
359
498
410
776
485
209
379
443
93
532
808
940
344
334
255
704
457
228
223
127
466
407
721
302
462
965
657
478
422
225
260
555
669
822
426
75
1
581
166
194
837
14
856
86
117
288
379
508
424
940
510
208
149
574
569
256
369
130
815
866
310
153
329
757
623
264
559
276
569
249
325
207
740
979
527
306
47
282
380
671
445
48
843
212
843
717
3
959
22
451
249
154
192
701
662
481
511
284
330
522
742
891
257
21
576
135
161
390
507
59
895
137
375
381
370
546
197
861
765
135
461
576
96
589
643
701
48
650
422
189
724
441
969
736
697
412
500
816
637
818
30
600
822
685
246
532
521
435
38
578
792
595
685
161
809
204
104
564
778
287
48
23
567
670
322
126
989
328
411
207
130
480
575
105
190
346
293
736
607
129
519
263
822
138
839
540
888
705
226
484
349
852
51
979
412
844
735
175
902
500
693
65
28
578
492
114
387
44
843
579
731
573
194
941
61
227
339
203
883
693
13
214
131
643
311
491
184
517
686
645
829
491
447
793
747
524
320
783
123
234
904
79
372
463
939
731
478
128
148
215
311
952
339
241
941
699
419
161
66
210
617
919
593
89
615
20
50
825
134
525
85
374
149
495
528
510
306
320
637
27
220
652
938
180
499
811
746
111
828
161
645
352
328
207
262
328
837
768
828
15
284
133
979
618
352
352
661
171
517
284
63
115
210
157
25
290
262
645
940
873
176
157
576
773
209
532
848
443
860
430
786
792
89
486
372
1
106
220
664
481
229
20
25
216
820
75
822
126
258
344
589
874
941
266
835
264
46
873
340
84
601
60
479
883
790
133
406
7
682
276
157
866
673
445
430
804
329
578
517
578
3
942
589
426
331
687
86
779
95
942
406
28
56
380
480
271
920
656
427
368
203
778
613
424
40
319
319
40
253
394
24
672
235
883
672
167
416
206
365
378
668
307
600
852
809
717
46
130
722
307
224
98
320
330
380
4
125
740
106
844
127
387
76
820
932
84
550
844
938
746
161
319
272
484
253
135
135
124
533
28
28
779
500
500
578
40
924
98
25
607
932
701
46
356
819
272
58
438
65
740
843
462
2
879
12
125
126
378
893
487
76
130
466
21
115
600
320
217
822
77
319
462
500
517
519
874
117
633
248
837
328
720
895
232
175
856
299
736
8
989
595
882
893
387
220
893
264
729
153
784
459
164
481
998
112
105
567
645
893
1
387
84
23
533
525
412
163
195
72
248
234
661
208
196
482
453
290
262
608
879
540
238
843
62
664
162
216
97
257
115
387
256
507
488
455
989
481
112
137
263
690
235
620
311
157
861
295
34
406
758
942
194
576
14
873
215
447
337
43
837
415
86
215
578
182
662
330
470
229
387
351
229
104
661
758
340
470
625
77
156
131
27
507
14
272
363
985
28
693
9
357
237
8
461
397
127
538
848
6
13
891
484
107
765
78
38
184
210
80
105
982
844
505
282
924
140
217
170
809
459
27
297
486
324
426
453
507
486
819
270
229
34
123
424
104
10
117
162
140
227
102
959
429
487
143
280
59
4
701
785
773
96
375
117
340
432
645
325
115
184
135
43
768
28
351
184
126
589
955
820
466
249
358
891
439
982
22
249
351
41
701
117
388
115
97
650
959
78
72
811
107
613
328
235
27
102
959
146
765
540
558
555
809
304
377
858
244
623
16
282
365
704
278
680
410
788
44
849
72
304
350
195
698
704
952
371
489
383
56
739
844
143
454
373
826
172
977
373
522
578
101
319
272
825
330
4
873
220
893
533
262
948
144
387
893
959
680
309
721
724
932
373
129
109
122
126
765
135
387
693
215
387
837
576
161
576
95
543
900
284
61
997
858
82
811
5
91
39
931
125
439
330
375
224
784
33
576
133
488
37
443
992
728
457
72
100
740
707
13
224
924
920
397
559
746
746
672
28
825
7
500
500
7
253
183
70
461
236
605
238
70
335
109
694
384
244
424
804
143
543
110
207
177
545
274
952
396
248
276
921
4
677
336
43
88
225
174
250
686
248
825
192
825
825
169
319
319
101
319
319
319
50
102
397
796
36
9
181
601
374
92
540
661
126
102
104
143
820
888
5
59
294
22
87
848
844
86
522
533
315
626
167
476
437
357
9
349
122
1
176
157
274
9
213
220
447
382
404
241
604
427
230
181
255
932
189
427
567
32
820
746
228
650
1
870
683
106
725
338
295
210
171
16
101
282
958
293
512
329
213
343
143
419
393
108
861
35
349
527
348
101
484
484
837
78
731
940
487
117
139
861
160
2
809
718
86
979
101
272
578
500
50
484
484
319
101
246
319
18
844
100
899
523
600
248
7
701
319
758
319
20
311
347
42
407
375
893
50
406
406
657
387
162
105
942
266
143
174
67
982
178
282
690
819
920
224
184
338
735
517
640
519
115
72
128
26
80
78
377
319
319
319
319
319
253
319
62
229
123
652
201
225
84
828
137
364
844
140
549
982
332
32
459
620
942
948
224
3
825
363
75
383
426
335
416
633
132
240
308
124
103
334
810
169
397
465
720
249
631
839
714
378
26
117
203
145
41
220
244
139
415
415
566
388
117
76
203
124
758
177
267
489
698
484
578
50
948
229
27
229
175
768
825
135
533
758
1
120
645
3
843
21
693
224
80
86
201
661
320
105
650
175
825
388
224
216
262
248
533
566
194
856
669
585
819
46
484
351
105
20
244
34
397
319
253
253
40
216
10
28
758
28
500
363
28
948
948
578
216
215
110
576
203
948
500
363
387
148
406
101
410
904
272
388
972
86
363
319
319
578
319
578
406
144
942
101
28
650
144
363
144
50
20
272
671
508
363
576
101
101
190
115
212
736
603
234
704
559
253
253
319
500
500
363
319
253
500
253
144
253
767
189
143
48
615
21
392
447
275
15
225
517
36
480
458
48
48
594
151
996
143
39
207
39
910
194
388
893
28
246
979
94
104
589
843
992
714
496
479
43
685
267
129
338
585
338
942
206
349
378
330
8
904
171
773
721
595
352
154
27
392
710
352
690
837
940
21
35
227
919
272
581
415
363
391
428
818
819
332
228
17
32
478
242
126
127
140
849
77
815
338
603
581
688
358
248
412
175
14
28
462
135
520
462
234
451
117
60
79
169
822
28
272
38
844
904
466
257
765
590
282
461
3
792
664
99
233
44
72
233
788
274
940
120
181
69
22
574
8
481
106
377
355
489
61
69
328
940
276
448
142
98
19
361
127
112
104
685
139
363
415
10
893
50
64
310
95
622
982
321
921
919
196
623
777
397
543
517
71
822
843
466
103
215
43
249
825
75
144
40
500
7
7
942
576
28
650
280
227
96
228
48
959
567
102
849
412
120
525
184
117
487
387
28
578
319
500
519
702
276
263
961
64
158
161
576
758
615
578
7
253
363
144
50
76
415
768
229
415
415
825
262
126
942
267
942
124
462
576
566
858
648
162
233
350
432
105
566
139
825
50
533
76
253
893
722
590
615
359
34
671
694
400
356
930
134
748
115
934
514
432
194
201
980
462
449
53
794
424
777
761
822
51
707
57
73
554
680
496
648
319
24
522
481
245
510
378
80
121
809
365
132
167
964
331
24
221
202
603
189
670
407
811
969
123
48
421
22
182
375
20
552
64
218
480
891
202
458
644
731
478
220
818
594
594
746
690
888
924
846
130
303
264
176
290
603
171
27
620
195
407
486
513
93
560
49
859
115
768
849
382
20
199
982
103
879
646
525
253
319
893
253
120
212
194
26
39
387
351
20
387
334
220
740
34
220
948
220
229
139
893
382
14
388
637
135
979
220
820
32
711
60
144
135
76
948
7
248
28
578
942
101
979
105
26
190
468
118
174
607
154
188
466
204
410
21
188
818
62
67
278
643
278
725
247
127
661
725
573
204
435
693
948
731
229
92
412
204
216
220
686
397
341
693
481
510
162
711
210
942
452
875
68
195
545
234
167
394
304
30
650
666
58
2
515
528
742
27
174
31
816
585
61
193
69
899
819
416
87
496
846
346
613
359
171
820
828
330
299
116
410
620
190
371
982
992
326
740
728
56
51
373
608
721
413
216
395
25
164
608
422
979
785
112
216
175
382
325
99
215
387
400
487
215
382
625
731
162
413
849
533
351
80
351
194
235
484
372
229
229
415
80
339
77
942
449
538
218
17
15
970
426
426
10
310
849
331
717
843
487
893
382
40
319
363
319
893
144
62
46
85
246
248
230
151
893
220
144
683
387
248
253
415
99
437
220
382
387
843
248
825
12
725
478
75
133
948
859
579
148
157
714
72
428
725
378
220
785
41
573
378
75
615
818
617
828
278
843
26
888
427
825
7
267
194
948
382
350
589
683
41
72
262
194
328
75
499
272
88
84
955
517
488
785
784
288
396
246
237
490
574
151
633
16
382
208
661
416
424
300
974
497
49
263
497
407
438
573
479
424
377
453
242
72
237
125
608
166
520
430
27
644
404
486
116
295
111
909
663
438
828
218
131
344
613
974
25
53
711
407
555
385
407
360
295
724
315
105
213
320
844
943
210
46
522
384
194
796
645
26
20
934
901
934
844
844
210
21
344
828
75
224
120
972
415
899
105
4
272
261
186
174
680
669
164
500
484
186
934
804
725
26
13
244
289
203
600
206
330
150
303
856
686
701
227
876
325
758
218
119
275
684
394
576
249
849
852
523
589
157
347
194
320
499
264
325
257
298
499
3
262
900
148
95
825
133
75
701
144
116
225
276
989
397
195
201
648
274
351
701
284
40
893
500
253
948
253
273
657
106
161
246
185
665
876
148
199
199
351
942
145
685
525
479
344
181
209
950
533
474
61
876
517
409
644
96
809
245
126
696
100
778
311
532
317
73
245
688
345
368
1
728
18
462
545
749
355
775
902
583
293
509
64
545
465
998
740
32
648
39
670
682
6
364
866
848
483
613
58
516
395
233
821
356
554
524
623
796
874
682
304
62
837
695
14
245
855
10
363
818
815
974
818
626
105
208
364
910
492
676
176
304
740
955
192
229
387
484
388
934
893
893
363
319
224
16
378
243
24
289
359
102
171
172
202
613
701
140
250
129
436
184
101
316
78
253
429
276
811
670
294
150
213
4
247
788
117
512
378
623
60
30
234
309
655
564
259
365
894
581
765
876
816
633
303
717
355
488
322
818
250
608
8
380
51
331
633
876
458
462
44
859
305
15
930
466
668
344
601
513
446
199
270
479
696
176
411
876
413
62
300
281
601
173
848
166
281
877
525
978
37
453
312
71
525
233
169
384
630
888
807
723
763
305
261
675
286
750
431
239
624
889
219
305
17
872
458
595
802
100
138
907
387
849
543
466
785
661
742
108
350
481
19
358
379
528
767
845
340
19
488
424
20
893
40
40
893
144
40
3
190
825
86
162
190
412
392
948
148
28
10
33
11
784
549
675
765
101
7
28
139
294
74
157
64
663
304
662
930
626
43
378
420
253
144
40
144
40
838
601
718
73
126
328
272
86
567
131
661
378
249
388
479
773
263
579
190
142
145
900
860
224
246
46
768
267
484
76
328
684
671
384
489
384
873
75
484
50
102
4
642
487
138
26
43
126
974
669
85
328
688
46
481
126
661
623
210
204
233
11
347
247
508
241
387
765
768
701
640
340
229
843
28
693
910
107
401
631
556
38
294
982
328
600
104
78
126
126
677
123
272
578
578
77
269
130
265
244
585
608
338
303
529
284
304
918
680
97
396
38
50
928
112
36
381
117
364
6
48
6
487
78
207
115
620
197
768
276
252
720
688
669
140
838
492
163
248
332
484
825
484
229
948
816
600
117
302
736
467
100
783
213
72
620
78
558
415
220
328
162
857
87
974
72
492
127
608
919
487
724
648
589
449
602
84
264
100
648
377
822
411
256
386
608
397
992
112
145
105
855
532
693
305
378
416
626
785
230
722
197
359
930
955
957
186
601
663
56
210
291
696
165
382
507
753
848
112
188
235
184
142
158
223
36
601
232
344
711
188
275
36
19
828
603
235
294
992
601
316
714
112
822
979
930
595
784
972
58
596
154
384
767
508
879
726
773
17
112
89
718
564
385
955
432
20
533
378
232
145
9
161
585
957
171
484
122
157
154
487
701
78
656
253
40
253
550
968
728
274
940
848
94
73
343
626
520
448
91
616
429
157
369
625
322
121
921
287
526
453
855
224
473
217
787
397
581
257
982
605
783
860
838
568
128
63
856
53
930
843
223
693
579
508
613
394
431
380
698
640
435
564
22
109
168
827
372
658
417
322
236
186
367
403
531
564
682
344
495
726
494
290
113
680
193
364
461
403
359
613
74
396
767
598
617
959
98
861
744
737
901
883
726
461
963
281
259
231
590
172
802
601
403
789
743
104
589
843
414
251
375
236
912
0
138
59
270
897
992
605
157
531
463
435
349
88
70
556
989
559
45
435
231
375
707
236
297
94
546
91
172
153
93
123
729
463
924
235
334
185
954
464
273
488
889
345
486
98
318
444
173
295
788
724
309
932
670
51
828
648
940
888
451
532
347
479
490
882
23
109
427
429
31
845
74
564
866
138
899
151
413
328
17
430
311
259
928
704
447
549
228
811
299
853
957
94
465
488
686
554
760
596
686
220
992
126
172
94
234
826
273
550
422
919
844
813
768
956
818
146
202
853
172
65
197
278
558
335
844
895
108
344
349
273
147
204
325
784
338
979
605
466
329
739
766
203
189
989
265
617
722
806
150
166
366
277
652
304
49
41
28
145
101
372
328
403
329
127
143
608
435
48
613
80
184
340
352
704
589
138
381
41
613
684
693
282
785
201
484
322
876
519
675
1
264
364
1
499
329
34
519
368
18
276
883
430
257
88
81
229
252
230
182
356
547
113
569
466
660
280
520
195
17
532
71
326
98
819
78
253
253
40
329
108
380
426
21
424
899
603
959
223
564
400
985
430
484
484
272
272
137
111
171
512
242
594
302
284
648
31
384
245
450
288
697
460
137
616
13
26
146
856
714
685
304
413
216
413
967
614
434
317
419
518
210
100
664
437
30
371
648
873
460
212
596
235
397
65
599
19
630
935
60
728
579
992
355
395
410
392
3
325
589
220
54
161
738
719
1
843
717
106
903
615
703
264
196
12
60
105
702
688
875
810
58
270
689
683
837
216
825
201
410
382
69
487
12
432
412
837
432
653
309
465
971
543
683
721
973
971
585
131
827
588
792
940
489
76
139
825
39
825
810
329
879
640
424
927
874
90
66
348
784
16
145
390
32
637
740
447
857
388
351
224
825
144
253
144
746
75
144
492
600
129
200
866
940
188
224
589
816
148
733
948
437
148
319
566
190
319
144
500
117
175
576
101
253
102
406
216
40
248
500
159
99
578
564
883
32
849
893
179
40
328
478
319
437
585
510
21
127
124
14
200
740
462
650
267
101
500
28
101
253
319
253
253
253
893
893
253
144
40
40
33
790
117
115
645
85
790
117
714
424
656
229
229
50
46
693
140
14
625
26
33
758
39
615
387
62
262
139
229
484
415
383
184
225
788
124
825
815
188
75
822
111
600
15
340
212
151
212
32
487
390
220
334
620
33
664
145
21
856
508
6
229
334
449
78
194
304
725
210
350
143
489
96
79
173
505
17
437
856
499
41
350
992
37
203
16
148
264
902
567
426
554
448
407
117
41
459
910
47
837
101
28
127
267
165
510
218
16
548
768
106
607
152
711
883
54
171
873
437
288
48
21
371
285
137
373
560
826
270
481
715
59
707
564
680
305
340
825
837
989
484
565
992
701
277
907
670
45
93
37
245
433
155
381
929
581
696
725
436
701
93
643
466
617
120
412
181
295
482
910
515
413
368
549
344
335
263
379
974
181
369
254
786
421
458
740
48
250
149
256
930
217
974
87
98
685
132
199
153
740
282
206
345
143
301
639
849
683
331
416
525
273
381
904
407
662
31
561
724
739
339
670
15
983
49
217
559
214
507
174
783
275
341
207
989
690
480
106
13
852
424
385
9
208
274
150
532
329
123
38
189
443
77
63
69
419
278
108
278
753
374
134
70
83
274
559
358
407
680
17
108
855
33
275
930
188
244
832
818
264
623
899
410
97
20
948
893
578
812
970
480
225
656
720
365
671
680
403
126
982
522
746
330
426
338
711
992
492
524
128
229
717
392
225
579
910
161
216
273
329
488
304
14
735
691
492
355
247
538
748
185
310
581
217
5
143
359
147
510
245
149
804
876
773
278
866
305
437
725
161
209
992
244
662
176
573
625
397
491
491
112
266
241
114
184
408
810
44
652
504
414
374
172
522
346
482
685
105
90
204
69
741
61
279
212
106
89
227
65
373
922
970
203
117
142
60
758
600
169
112
439
484
101
78
948
71
272
90
617
510
697
554
821
358
721
899
334
895
804
1
241
107
274
203
35
297
526
316
532
657
46
169
85
213
161
711
432
82
826
974
9
349
575
94
394
596
704
300
626
174
122
765
746
921
559
581
393
207
767
549
392
924
60
25
837
412
102
392
39
117
43
365
262
360
860
499
482
96
820
35
856
257
919
46
412
663
123
177
283
603
26
137
701
44
768
323
822
115
241
686
380
603
2
380
569
660
110
450
302
103
284
408
316
281
831
508
890
152
721
596
722
204
246
59
986
315
17
112
722
580
442
955
818
266
478
979
350
685
207
60
248
748
505
512
453
439
362
143
525
137
94
859
131
873
607
849
378
874
339
757
901
736
467
992
728
974
154
89
569
753
596
729
726
134
68
971
259
281
223
969
564
70
489
328
585
336
201
724
524
985
119
19
320
204
784
788
258
685
930
832
435
223
382
729
961
299
607
788
976
305
975
356
569
969
380
160
381
569
930
91
229
16
204
466
247
323
378
122
183
295
642
48
164
26
924
351
34
48
426
20
48
25
381
93
368
325
637
693
451
206
685
4
35
496
623
249
98
234
160
581
671
351
316
15
320
899
247
888
73
24
213
44
225
560
181
910
601
153
158
341
122
876
876
870
900
955
279
902
93
404
448
418
73
370
414
993
215
866
476
330
39
491
982
146
849
422
9
176
959
855
294
263
188
720
282
500
500
893
500
248
578
99
352
109
759
748
143
78
545
585
397
207
76
873
246
693
235
328
102
81
558
500
319
28
578
578
144
101
893
319
272
194
76
101
415
272
415
825
686
387
184
948
465
714
436
554
436
735
437
650
117
578
670
123
108
451
670
71
56
123
96
1
78
84
326
220
275
693
24
135
848
940
701
106
229
576
41
415
194
248
50
135
220
20
340
75
338
661
447
645
508
499
304
480
351
487
122
298
725
36
56
285
992
955
18
266
566
175
7
388
28
194
175
144
948
40
144
578
319
175
319
948
144
40
397
319
10
139
139
500
162
819
387
852
328
615
46
901
809
487
394
893
139
893
549
979
893
40
893
248
213
128
319
825
253
319
893
363
768
948
893
412
578
363
363
874
213
893
40
7
406
319
948
893
517
363
14
893
500
893
248
162
516
329
94
882
355
822
358
736
949
581
742
221
416
746
603
249
524
873
585
14
148
438
323
336
138
188
740
224
72
126
664
465
499
478
843
60
424
633
400
832
403
958
593
461
14
160
385
48
804
645
232
193
371
112
621
898
468
733
390
203
140
112
53
670
620
550
962
282
335
601
419
290
698
904
721
428
115
239
633
103
386
893
218
301
349
150
225
445
837
32
543
843
559
396
940
275
487
541
670
108
782
311
462
195
107
561
625
161
338
241
451
488
176
900
970
72
190
499
820
127
977
102
459
77
575
459
338
202
11
549
484
942
736
50
633
105
6
650
684
309
244
519
88
25
852
407
453
507
773
255
683
314
665
905
27
511
564
398
344
293
988
86
701
220
220
533
545
197
403
921
804
959
301
160
87
704
505
313
883
969
726
899
289
115
224
940
267
69
740
693
484
246
246
484
910
330
204
555
229
520
861
59
373
677
47
819
329
364
263
171
578
328
50
101
484
415
117
100
126
942
10
215
224
78
499
558
107
143
523
108
882
992
773
427
195
398
352
424
525
76
566
135
397
249
849
123
623
721
32
675
96
532
414
808
552
58
550
527
968
879
507
497
279
727
176
794
359
259
911
51
49
206
984
406
500
893
500
175
175
363
112
15
216
86
533
124
912
564
430
753
601
160
969
857
601
590
767
522
746
102
403
811
959
259
70
63
843
148
650
779
900
740
863
66
431
609
726
125
215
62
484
28
484
272
406
248
533
28
676
10
875
395
191
930
57
3
788
16
98
543
900
579
460
482
389
716
258
16
233
49
202
494
302
761
70
146
487
338
608
438
876
466
148
930
848
275
88
125
372
36
235
80
728
364
203
245
643
106
528
516
669
661
158
545
870
838
356
19
536
70
407
52
105
920
930
683
412
96
650
566
543
784
384
920
311
171
576
272
388
462
533
657
792
117
199
437
648
304
72
844
44
363
40
40
175
145
768
779
650
190
304
253
272
101
253
50
363
10
117
856
650
616
224
334
246
246
397
500
363
578
144
500
253
576
350
10
731
87
237
358
276
489
